Training Data:
[[0 0]
 [1 0]
 [1 1]]
Trained weights:
[[0. 0. 0.]
 [0. 0. 0.]
 [0. 0. 0.]]
Searched weights:
[[0. 0. 0.]
 [0. 0. 0.]
 [0. 0. 0.]]

Training Data:
[[1 0]
 [0 0]
 [0 0]]
Trained weights:
[[0.         0.         0.        ]
 [0.         0.         0.54635732]
 [0.         0.54635732 0.        ]]
Searched weights:
[[0.  0.5 1. ]
 [0.5 0.  1. ]
 [1.  1.  0. ]]

Training Data:
[[1 1]
 [0 0]
 [0 0]]
Trained weights:
[[0.         0.         0.        ]
 [0.         0.         0.51605139]
 [0.         0.51605139 0.        ]]
Searched weights:
[[0.  0.5 1. ]
 [0.5 0.  0.5]
 [1.  0.5 0. ]]

Training Data:
[[0 0]
 [1 1]
 [1 0]]
Trained weights:
[[0. 0. 0.]
 [0. 0. 0.]
 [0. 0. 0.]]
Searched weights:
[[0. 0. 0.]
 [0. 0. 0.]
 [0. 0. 0.]]

Training Data:
[[1 1]
 [1 0]
 [1 0]]
Trained weights:
[[0.         0.         0.        ]
 [0.         0.         0.45536787]
 [0.         0.45536787 0.        ]]
Searched weights:
[[0.  0.  0.5]
 [0.  0.  0. ]
 [0.5 0.  0. ]]

Training Data:
[[0 0]
 [0 0]
 [0 0]]
Trained weights:
[[0.         0.51660567 0.5027349 ]
 [0.51660567 0.         0.52159723]
 [0.5027349  0.52159723 0.        ]]
Searched weights:
[[0.  0.5 0. ]
 [0.5 0.  0. ]
 [0.  0.  0. ]]

Training Data:
[[0 1]
 [1 1]
 [0 1]]
Trained weights:
[[0.         0.         0.48038067]
 [0.         0.         0.        ]
 [0.48038067 0.         0.        ]]
Searched weights:
[[0. 0. 0.]
 [0. 0. 0.]
 [0. 0. 0.]]

Training Data:
[[1 1]
 [1 0]
 [0 1]]
Trained weights:
[[0. 0. 0.]
 [0. 0. 0.]
 [0. 0. 0.]]
Searched weights:
[[0.  1.  0.5]
 [1.  0.  0. ]
 [0.5 0.  0. ]]

Training Data:
[[1 0]
 [1 1]
 [0 1]]
Trained weights:
[[0. 0. 0.]
 [0. 0. 0.]
 [0. 0. 0.]]
Searched weights:
[[0.  1.  0.5]
 [1.  0.  0. ]
 [0.5 0.  0. ]]

Training Data:
[[0 1]
 [1 1]
 [0 0]
 [0 0]
 [0 1]]
Trained weights:
[[0.         0.         0.         0.         0.48015477]
 [0.         0.         0.         0.         0.        ]
 [0.         0.         0.         0.48927884 0.        ]
 [0.         0.         0.48927884 0.         0.        ]
 [0.48015477 0.         0.         0.         0.        ]]
Searched weights:
[[0.  0.  0.  0.  0.5]
 [0.  0.  0.  0.  0. ]
 [0.  0.  0.  1.  0. ]
 [0.  0.  1.  0.  0. ]
 [0.5 0.  0.  0.  0. ]]

Training Data:
[[1 1]
 [1 1]
 [0 0]
 [0 0]
 [0 1]]
Trained weights:
[[0.         0.39673031 0.         0.         0.        ]
 [0.39673031 0.         0.         0.         0.        ]
 [0.         0.         0.         0.5278803  0.        ]
 [0.         0.         0.5278803  0.         0.        ]
 [0.         0.         0.         0.         0.        ]]
Searched weights:
[[0.  0.  0.  0.  0. ]
 [0.  0.  0.  0.  1. ]
 [0.  0.  0.  0.5 0. ]
 [0.  0.  0.5 0.  0. ]
 [0.  1.  0.  0.  0. ]]

Training Data:
[[1 1]
 [0 0]
 [0 0]
 [1 0]
 [0 1]]
Trained weights:
[[0.         0.         0.         0.         0.        ]
 [0.         0.         0.54024996 0.         0.        ]
 [0.         0.54024996 0.         0.         0.        ]
 [0.         0.         0.         0.         0.        ]
 [0.         0.         0.         0.         0.        ]]
Searched weights:
[[0.  0.5 0.5 0.  0.5]
 [0.5 0.  0.  0.  0. ]
 [0.5 0.  0.  0.  0.5]
 [0.  0.  0.  0.  0. ]
 [0.5 0.  0.5 0.  0. ]]

Training Data:
[[0 0]
 [0 0]
 [1 0]
 [1 1]
 [1 0]]
Trained weights:
[[0.         0.53368647 0.         0.         0.        ]
 [0.53368647 0.         0.         0.         0.        ]
 [0.         0.         0.         0.         0.51501191]
 [0.         0.         0.         0.         0.        ]
 [0.         0.         0.51501191 0.         0.        ]]
Searched weights:
[[0. 1. 0. 0. 0.]
 [1. 0. 0. 0. 0.]
 [0. 0. 0. 0. 0.]
 [0. 0. 0. 0. 0.]
 [0. 0. 0. 0. 0.]]

Training Data:
[[0 0]
 [1 0]
 [1 1]
 [1 1]
 [0 1]]
Trained weights:
[[0.         0.         0.         0.         0.        ]
 [0.         0.         0.         0.         0.        ]
 [0.         0.         0.         0.34011822 0.        ]
 [0.         0.         0.34011822 0.         0.        ]
 [0.         0.         0.         0.         0.        ]]
Searched weights:
[[0.  0.  0.  0.  0. ]
 [0.  0.  0.  0.  0. ]
 [0.  0.  0.  1.  0. ]
 [0.  0.  1.  0.  0.5]
 [0.  0.  0.  0.5 0. ]]

Training Data:
[[0 1]
 [1 0]
 [1 1]
 [1 1]
 [0 1]]
Trained weights:
[[0.         0.         0.         0.         0.45512824]
 [0.         0.         0.         0.         0.        ]
 [0.         0.         0.         0.40674189 0.        ]
 [0.         0.         0.40674189 0.         0.        ]
 [0.45512824 0.         0.         0.         0.        ]]
Searched weights:
[[0.  1.  0.5 0.5 0. ]
 [1.  0.  0.  1.  0. ]
 [0.5 0.  0.  1.  0. ]
 [0.5 1.  1.  0.  0. ]
 [0.  0.  0.  0.  0. ]]

Training Data:
[[1 0]
 [0 0]
 [1 1]
 [0 0]
 [1 1]]
Trained weights:
[[0.         0.         0.         0.         0.        ]
 [0.         0.         0.         0.53177829 0.        ]
 [0.         0.         0.         0.         0.45821224]
 [0.         0.53177829 0.         0.         0.        ]
 [0.         0.         0.45821224 0.         0.        ]]
Searched weights:
[[0.  0.  0.  0.  0. ]
 [0.  0.  0.  1.  0. ]
 [0.  0.  0.  0.  0.5]
 [0.  1.  0.  0.  0. ]
 [0.  0.  0.5 0.  0. ]]

Training Data:
[[1 0]
 [1 1]
 [0 1]
 [0 1]
 [1 0]]
Trained weights:
[[0.         0.         0.         0.         0.44410723]
 [0.         0.         0.         0.         0.        ]
 [0.         0.         0.         0.44367799 0.        ]
 [0.         0.         0.44367799 0.         0.        ]
 [0.44410723 0.         0.         0.         0.        ]]
Searched weights:
[[0.  0.5 0.  0.  1. ]
 [0.5 0.  0.  0.  0. ]
 [0.  0.  0.  1.  0. ]
 [0.  0.  1.  0.  0. ]
 [1.  0.  0.  0.  0. ]]

Training Data:
[[1 0]
 [0 1]
 [1 0]
 [0 1]
 [1 1]]
Trained weights:
[[0.         0.         0.44710431 0.         0.        ]
 [0.         0.         0.         0.45956375 0.        ]
 [0.44710431 0.         0.         0.         0.        ]
 [0.         0.45956375 0.         0.         0.        ]
 [0.         0.         0.         0.         0.        ]]
Searched weights:
[[0.  0.5 1.  0.5 0.5]
 [0.5 0.  0.  0.5 0.5]
 [1.  0.  0.  0.  0. ]
 [0.5 0.5 0.  0.  0. ]
 [0.5 0.5 0.  0.  0. ]]

Training Data:
[[0 1 1 1]
 [0 0 1 1]
 [1 1 1 1]
 [1 1 1 0]
 [1 0 1 1]]
Trained weights:
[[0. 0. 0. 0. 0.]
 [0. 0. 0. 0. 0.]
 [0. 0. 0. 0. 0.]
 [0. 0. 0. 0. 0.]
 [0. 0. 0. 0. 0.]]
Searched weights:
[[0.  0.  0.  0.  0. ]
 [0.  0.  0.  0.  0.5]
 [0.  0.  0.  1.  0. ]
 [0.  0.  1.  0.  0. ]
 [0.  0.5 0.  0.  0. ]]

Training Data:
[[1 1 1 1]
 [0 1 0 0]
 [1 1 0 1]
 [1 0 0 1]
 [0 0 1 1]]
Trained weights:
[[0. 0. 0. 0. 0.]
 [0. 0. 0. 0. 0.]
 [0. 0. 0. 0. 0.]
 [0. 0. 0. 0. 0.]
 [0. 0. 0. 0. 0.]]
Searched weights:
[[0.  0.  0.  0.  0.5]
 [0.  0.  0.5 1.  0. ]
 [0.  0.5 0.  0.5 0. ]
 [0.  1.  0.5 0.  0. ]
 [0.5 0.  0.  0.  0. ]]

Training Data:
[[1 0 0 1]
 [0 0 1 1]
 [0 1 0 1]
 [1 1 1 0]
 [1 0 1 1]]
Trained weights:
[[0. 0. 0. 0. 0.]
 [0. 0. 0. 0. 0.]
 [0. 0. 0. 0. 0.]
 [0. 0. 0. 0. 0.]
 [0. 0. 0. 0. 0.]]
Searched weights:
[[0.  1.  1.  0.5 1. ]
 [1.  0.  0.5 1.  1. ]
 [1.  0.5 0.  1.  0.5]
 [0.5 1.  1.  0.  0. ]
 [1.  1.  0.5 0.  0. ]]

Training Data:
[[0 0 0 1]
 [1 0 0 0]
 [1 1 1 0]
 [1 0 0 1]
 [1 1 1 1]]
Trained weights:
[[0. 0. 0. 0. 0.]
 [0. 0. 0. 0. 0.]
 [0. 0. 0. 0. 0.]
 [0. 0. 0. 0. 0.]
 [0. 0. 0. 0. 0.]]
Searched weights:
[[0. 0. 0. 0. 0.]
 [0. 0. 0. 0. 0.]
 [0. 0. 0. 0. 0.]
 [0. 0. 0. 0. 0.]
 [0. 0. 0. 0. 0.]]

Training Data:
[[0 0 1 0]
 [0 0 0 0]
 [1 1 0 0]
 [1 0 1 1]
 [1 1 1 1]]
Trained weights:
[[0. 0. 0. 0. 0.]
 [0. 0. 0. 0. 0.]
 [0. 0. 0. 0. 0.]
 [0. 0. 0. 0. 0.]
 [0. 0. 0. 0. 0.]]
Searched weights:
[[0.  1.  1.  0.  0. ]
 [1.  0.  1.  0.  0. ]
 [1.  1.  0.  0.  0. ]
 [0.  0.  0.  0.  0.5]
 [0.  0.  0.  0.5 0. ]]

Training Data:
[[0 0 0 0]
 [0 0 1 0]
 [1 0 0 0]
 [0 1 1 1]
 [1 0 1 1]]
Trained weights:
[[0. 0. 0. 0. 0.]
 [0. 0. 0. 0. 0.]
 [0. 0. 0. 0. 0.]
 [0. 0. 0. 0. 0.]
 [0. 0. 0. 0. 0.]]
Searched weights:
[[0.  0.5 1.  0.  0. ]
 [0.5 0.  1.  0.  0. ]
 [1.  1.  0.  1.  0.5]
 [0.  0.  1.  0.  1. ]
 [0.  0.  0.5 1.  0. ]]

Training Data:
[[1 1 0 0]
 [1 1 0 0]
 [0 0 0 1]
 [0 1 0 1]
 [1 0 1 1]]
Trained weights:
[[0.         0.45592515 0.         0.         0.        ]
 [0.45592515 0.         0.         0.         0.        ]
 [0.         0.         0.         0.         0.        ]
 [0.         0.         0.         0.         0.        ]
 [0.         0.         0.         0.         0.        ]]
Searched weights:
[[0. 1. 0. 0. 0.]
 [1. 0. 0. 0. 0.]
 [0. 0. 0. 0. 0.]
 [0. 0. 0. 0. 0.]
 [0. 0. 0. 0. 0.]]

Training Data:
[[1 0 0 1]
 [1 1 0 1]
 [0 0 0 0]
 [0 1 1 0]
 [0 0 0 1]]
Trained weights:
[[0. 0. 0. 0. 0.]
 [0. 0. 0. 0. 0.]
 [0. 0. 0. 0. 0.]
 [0. 0. 0. 0. 0.]
 [0. 0. 0. 0. 0.]]
Searched weights:
[[0.  0.  1.  0.  0.5]
 [0.  0.  0.  0.5 0. ]
 [1.  0.  0.  0.5 1. ]
 [0.  0.5 0.5 0.  0. ]
 [0.5 0.  1.  0.  0. ]]

Training Data:
[[0 0 0 1]
 [0 0 1 0]
 [1 0 0 0]
 [0 1 1 1]
 [0 1 0 1]]
Trained weights:
[[0. 0. 0. 0. 0.]
 [0. 0. 0. 0. 0.]
 [0. 0. 0. 0. 0.]
 [0. 0. 0. 0. 0.]
 [0. 0. 0. 0. 0.]]
Searched weights:
[[0.  1.  0.5 1.  0. ]
 [1.  0.  1.  0.  0.5]
 [0.5 1.  0.  1.  0. ]
 [1.  0.  1.  0.  0.5]
 [0.  0.5 0.  0.5 0. ]]

12/27 training runs resulted in all zeros
4/27 grid searches found optimum to be all zeros
Training and grid searching disagreed on 10/27 param sets