Training Data:
[[1 0]
 [0 1]
 [0 0]]
Trained weights:
[[0. 0. 0.]
 [0. 0. 0.]
 [0. 0. 0.]]
Searched weights:
[[0. 0. 0.]
 [0. 0. 0.]
 [0. 0. 0.]]

Training Data:
[[0 1]
 [0 1]
 [0 1]]
Trained weights:
[[0.         0.50943616 0.52642433]
 [0.50943616 0.         0.53000936]
 [0.52642433 0.53000936 0.        ]]
Searched weights:
[[0.  0.  0.6]
 [0.  0.  0.8]
 [0.6 0.8 0. ]]

Training Data:
[[0 1]
 [1 1]
 [0 0]]
Trained weights:
[[0. 0. 0.]
 [0. 0. 0.]
 [0. 0. 0.]]
Searched weights:
[[0.  0.8 0.8]
 [0.8 0.  0.2]
 [0.8 0.2 0. ]]

Training Data:
[[1 0]
 [1 0]
 [1 1]]
Trained weights:
[[0.         0.43485858 0.        ]
 [0.43485858 0.         0.        ]
 [0.         0.         0.        ]]
Searched weights:
[[0. 0. 0.]
 [0. 0. 0.]
 [0. 0. 0.]]

Training Data:
[[0 0]
 [0 1]
 [0 1]]
Trained weights:
[[0.         0.         0.        ]
 [0.         0.         0.41782167]
 [0.         0.41782167 0.        ]]
Searched weights:
[[0.  0.4 0.8]
 [0.4 0.  1. ]
 [0.8 1.  0. ]]

Training Data:
[[1 1]
 [1 0]
 [0 1]]
Trained weights:
[[0. 0. 0.]
 [0. 0. 0.]
 [0. 0. 0.]]
Searched weights:
[[0.  0.6 0. ]
 [0.6 0.  0. ]
 [0.  0.  0. ]]

Training Data:
[[0 1]
 [1 0]
 [0 1]]
Trained weights:
[[0.         0.         0.47772094]
 [0.         0.         0.        ]
 [0.47772094 0.         0.        ]]
Searched weights:
[[0. 0. 0.]
 [0. 0. 0.]
 [0. 0. 0.]]

Training Data:
[[0 1]
 [0 0]
 [0 0]]
Trained weights:
[[0.         0.         0.        ]
 [0.         0.         0.45920344]
 [0.         0.45920344 0.        ]]
Searched weights:
[[0.  0.8 0.2]
 [0.8 0.  0. ]
 [0.2 0.  0. ]]

Training Data:
[[1 0]
 [1 0]
 [0 1]]
Trained weights:
[[0.         0.49154857 0.        ]
 [0.49154857 0.         0.        ]
 [0.         0.         0.        ]]
Searched weights:
[[0.  0.6 0.4]
 [0.6 0.  0.8]
 [0.4 0.8 0. ]]

Training Data:
[[0 0]
 [1 0]
 [0 0]
 [1 0]
 [1 0]]
Trained weights:
[[0.         0.         0.52219236 0.         0.        ]
 [0.         0.         0.         0.50992329 0.47560866]
 [0.52219236 0.         0.         0.         0.        ]
 [0.         0.50992329 0.         0.         0.50913109]
 [0.         0.47560866 0.         0.50913109 0.        ]]
